81.1996336373,244.487666679,166.951416638
131.203212475,142.394750972,215.513749548
211.839954155,77.5899378202,182.68328672
98.168702672,218.029301014,101.499810282
78.4006477495,64.1584749282,83.1567488694
146.891298658,75.6568001237,77.2111374966
185.500876973,34.5946965344,175.793035189
18.8466973943,77.2182733337,122.398605548
147.167002669,189.638560706,124.680649312
100.444006503,16.5598701777,130.246321946
32.7054024128,203.5457553,159.505638288
130.454983694,6.89627048629,28.262221674
134.335977605,84.859960777,99.1296637058
168.73496151,125.294925695,156.681902689
103.723982956,73.2161661353,113.730004743
72.6389441189,76.5475347165,157.415288849
228.168034482,65.4775290841,246.549056611
43.3039543038,223.985664938,52.4969201304
22.733840612,42.3422062677,33.0124377801
238.375746408,105.812482797,15.8575160522
210.768451904,37.815107575,245.063500664
43.5464385383,16.1742936183,157.588136019
71.2731850733,234.992216779,216.96118022
198.220038483,95.5872246115,63.9791084703
48.5330411781,35.9044144873,85.2429213554
108.509147157,34.1062576114,90.5484507932
211.972767216,38.453847027,72.8570443864
102.026092503,232.308956028,105.105490249
206.659025416,56.4970073939,148.734992746
51.7250679697,68.7775519124,142.594653075
26.2083978211,188.384003365,97.4312370624
0.945503740784,211.555955584,91.6450290521
32.1517027456,154.185537022,63.3275188476
197.262470101,117.123329224,170.052075698
93.7662605926,77.6691478701,8.83530716619
44.4686426696,202.052776544,0.137938231398
105.722507973,87.497868726,30.9136838911
202.842890457,110.958389216,142.621782234
80.3052342851,118.984905981,200.274012842
151.697366819,249.574928443,218.931033458
207.981219613,205.156486549,84.2363356948
180.785946972,74.1199502059,98.4063317141
169.371391134,2.66263919803,171.589991428
79.3047129212,12.7256569528,27.763769626
214.624826225,59.6449879336,160.936274824
159.084507753,225.502192154,136.963972101
9.79285666203,27.8633506366,30.1625430097
180.640254242,250.459279617,177.717605738
234.022906873,223.50704033,66.8195594022
245.232472876,161.781077009,29.4786092272
214.878714964,80.5992035721,17.9568483506
123.186471288,180.201643951,37.5959923539
40.1604361243,146.48857883,119.93809831
141.243927219,148.212163198,207.605210095
106.043078895,46.9748683308,88.737647386
165.904447811,202.050874162,33.3814726778
162.539545301,245.009856744,23.0066194298
90.8192852257,111.196624841,227.989632534
81.3562012172,193.863370856,128.048174125
254.997305077,166.291805559,56.3968752247
131.744929172,208.509953587,146.979174812
145.020539419,59.1085648951,30.6619849191
45.8222389023,242.296955691,28.7271370401
142.8876758,20.6509271629,185.144921059
153.161961129,228.473172531,160.442488338
71.7677117365,133.597397366,254.805182981
105.672568775,8.03591942609,35.3966872929
190.302479,174.415727457,67.9551666714
71.6692382513,202.527286685,116.430943666
67.0633707688,205.962802597,236.994668588
209.6295282,176.030350657,110.549341431
77.9586737159,191.894977784,89.0511716511
38.6526537463,85.550804309,72.5634481434
25.1344855688,99.7837864433,248.632753912
246.696400696,80.7103592397,45.140791793
154.130190044,125.423448537,233.652039146
78.5470963838,67.3698831697,159.535701102
110.447232568,49.6689851502,195.862737922
194.658335157,76.7863352745,28.2425827956
73.538767844,127.477622789,146.353660455
79.1533841759,214.878553038,28.4656756535
34.8184930152,83.0338347382,194.342262809
183.493224638,108.234913371,126.484159582
137.694585475,123.84997364,56.5290645712
20.0954643631,215.87707632,233.369764938
140.290757015,250.060215352,199.385117396
57.6576328264,215.835431663,252.393599641
236.561462316,83.9846332843,155.459395078
72.8709192838,200.312345724,56.3247269428
203.169535592,20.0463879029,235.22822589
105.103563393,38.6426849859,129.166457435
204.587741042,13.2857326256,214.903145222
158.918991717,24.1087187027,123.027726936
80.9219978009,216.191048063,2.66172529809
17.5696160508,119.419639982,66.271059459
99.6168554317,210.711426832,110.254944336
222.577715068,176.320982333,106.884203136
241.01593058,28.5375937421,34.4940433761
96.8139577233,163.836770081,147.645425899
31.924389748,193.299004822,159.109891569
173.317006543,70.4721714264,228.027661796
89.4100755895,210.089934698,229.920418829
109.178872691,236.306828336,87.6463896756
134.848309072,53.5248052732,48.6095052258
225.924367896,245.668351814,117.553098884
205.921256058,146.430733439,194.425633679
212.298454086,55.4933653382,208.643990475
89.9821296122,217.549753659,232.795507811
18.4680102846,180.760763077,132.324762036
191.447916335,172.165101298,218.279557456
6.87943935244,128.011218078,246.780516681
104.803619872,189.443040434,123.939877117
126.46169411,235.744908171,2.23407827562
217.629727506,40.9907798824,136.135198182
119.470833607,176.518582131,44.9749916759
109.205779471,144.442461641,24.6932665425
12.1169381541,70.4182128829,222.40192624
51.5974833559,78.0323698675,107.493577783
104.581354337,105.23973494,41.3160978489
214.758829423,229.134603531,129.306461798
64.9211832197,7.29907189194,93.0444476158
79.3694325148,4.26707054687,122.664000475
152.576914903,33.3213205482,231.178099122
107.831698764,35.2510926084,129.642671008
121.070502863,81.7427473661,120.781896866
23.7729206401,118.39792548,79.891552056
177.960268467,186.424878141,234.681213675
50.9531163638,225.999751153,138.458903449
190.967071947,158.342291077,50.1937050345
17.6502456511,46.3189079435,142.644594701
80.4570506976,251.489458018,190.410194487
50.1832265653,211.102336814,25.7466630158
21.1959707961,231.706539986,231.50264372
222.185796975,53.7745654977,174.017234574
183.842390158,215.468018128,187.370466192
116.619405391,15.5140304802,90.246574285
9.58409087194,213.715072552,104.325328586
202.271989369,192.258777376,226.938533092
117.118831469,102.433720379,81.1253525671
153.71984812,40.7790143676,206.871099238
79.968361866,121.359708052,231.267265244
234.071822029,101.824673252,206.876746432
0.772957698857,211.682831683,179.682585471
108.270743249,75.7022284033,49.6781891851
175.295497975,202.157660661,187.041487553
92.2185772918,25.9270528759,11.1540192558
74.9160776784,162.315871477,185.790274939
45.4395615189,218.154607861,76.7906184028
220.017513568,254.721508038,186.142504136
190.490045463,236.560698003,193.960072778
124.405922902,80.5763008227,145.868183925
189.353923403,220.950221899,79.7486118814
223.484629134,248.53423318,160.51587312
103.341822606,17.5911174763,168.153035564
68.3383371427,72.9564618107,5.97449879757
146.543528428,214.647063382,203.940404195
246.236011028,1.51952045457,68.920302999
136.010639358,111.859154995,49.7855702236
28.4543018282,172.741413397,136.538370094
226.272755892,201.612114263,194.069849736
169.742383594,164.358127904,162.339492559
210.506503262,251.248227349,86.4706937952
53.3095701852,15.0257595191,164.070816423
208.931457436,25.8401315049,211.945444647
31.531583669,119.029675659,191.147880559
140.700654124,160.833787211,243.035895819
221.605573227,141.462279101,76.1662482762
108.08148442,254.725443763,98.8778127039
83.9280790017,16.583917181,225.937199231
157.95125266,185.929967393,79.7190666726
119.757644839,248.295130754,102.195595764
242.22045881,191.307717379,221.789622584
26.6572890536,91.5901906778,223.043536074
38.8312922322,81.7707970895,24.5171149766
107.654466371,216.205909129,81.4185487466
221.656186659,205.99531743,249.779778153
31.2852438847,149.278998802,25.8116235395
230.74089514,56.0302426679,220.482553543
56.6191566074,117.515019991,191.479203709
230.92143757,110.95499153,138.532200323
107.398864142,205.849235803,253.925022375
78.8317331833,251.255113578,170.308398935
23.5679837498,55.3312664204,249.235274235
82.56035098,124.33695386,61.1952197717
217.30811418,178.355381371,199.000477817
14.8618652858,138.914874613,174.093449625
167.973478337,16.8367186705,211.101367722
65.5088130856,244.302545909,136.819411663
171.729486905,151.227143174,149.161863143
145.130424584,17.7550477523,134.357277713
72.5927633247,52.6475091974,37.9602728786
1.97613048047,104.077951047,91.8366673642
116.958245216,128.013764633,136.392693406
165.165623757,240.031480023,250.330426149
59.8772352855,216.1404961,232.113700198
89.7470771693,22.8875296141,40.6543221338
181.519692987,98.2653275454,126.372742481
254.340496051,237.604571512,49.679033067
184.118599725,91.38729028,64.6205857586
181.223531226,139.047111959,123.711800103
194.356530479,3.79879733229,68.0818150817
195.56159658,194.515695792,141.839111455
12.0454068511,37.3380000789,67.1595784143
57.0505992378,140.454421016,195.845353708
206.817694093,186.65032471,246.731592361
7.46166146526,252.42656816,40.573687185
65.8211466175,41.865202897,204.511859023
87.4970386008,176.832667101,157.246435415
149.373871932,249.744493021,58.0265910132
139.378079606,116.184300427,239.686134345
121.50451518,227.686760534,156.125867126
101.120019104,237.113709513,148.35408923
172.540022571,116.328789957,63.3452349214
65.5378050262,149.491501298,13.5325955634
106.536036942,74.7897620294,104.662237727
192.890893096,86.6999449788,224.88376505
227.718874094,251.104385775,36.8135118179
247.793098743,247.127989228,218.94430141
211.96086411,7.08325654745,234.524375413
174.68970146,70.4281110501,36.9932270928
237.762327677,179.329986628,105.349474237
109.792547462,15.6362108561,237.206612629
171.610145819,130.757815177,229.771039401
162.823620629,127.639172294,53.825782948
67.1534681173,121.833664443,230.784272982
214.639051487,131.266511777,119.347978256
211.358731702,21.324719497,190.431211944
195.065377033,17.8342061104,53.9801015318
136.93913027,230.170442093,44.4482704078
140.061982262,214.612699233,144.657666796
233.981345729,230.968189473,120.700401674
48.6724122929,9.9588902201,58.5144650623
119.805166625,221.163991234,236.765338486
28.4370171707,32.5678878377,153.852876994
185.486658186,135.92043879,195.564630349
203.793780639,61.9655270371,206.347829663
74.7621061306,195.605713658,248.50497918
217.271059274,67.7357182143,115.211859767
220.8887658,31.4836146492,66.7419034225
3.14565389541,79.8196191144,53.3464612004
98.8432821552,165.99307525,186.413000665
217.015047653,110.010368696,235.199737407
158.668126807,106.574116605,201.661604418
144.832019782,51.5506138897,114.753290211
165.140839387,214.607072506,126.08546649
66.0043890497,30.0921317179,157.322217327
156.206721881,135.17991521,247.633009359
40.8869150052,183.962325426,86.8620796177
4.73156526756,52.1244949501,76.4411647164
164.562049528,158.798084668,38.4579531845
10.7457846806,244.180208096,38.5568907652
129.437400528,107.847837294,131.090667786
150.05398192,170.787393156,12.0172649362
161.481568423,185.750005032,27.1228504094
104.376590171,101.928948331,28.7080162285
45.273821557,200.471670704,210.877128667
156.740948266,19.7425424128,114.553380003
30.0312365085,177.230665365,93.5063302504
121.380613613,212.444405231,183.012722648
216.298610604,125.368588437,195.131608572
127.088393816,56.8177763762,96.6864310867
9.43206164331,213.768858546,93.4817976871
74.7118026353,168.662131913,3.30182540708
219.378048584,221.880668655,5.72984458494
57.8370129082,145.912243832,134.039535186
212.42577188,63.1642756337,207.997978361
54.2626727147,35.676913966,238.764701424
219.644274685,89.0684223429,239.087532348
238.778077281,186.200157404,237.835874845
119.754874816,183.54058753,189.066660988
231.091798854,88.6764397456,144.110645912
102.542850284,27.6538690936,16.9314582527
113.158681829,224.845605923,72.3192945972
48.285879713,191.908212052,11.2674406224
207.324682917,116.932789032,68.967209782
70.7858451371,60.8697706507,115.661706199
4.60218857933,12.1585105512,179.656540016
0.011569935898,35.3920628819,49.7211027226
229.383604927,254.684022984,154.56182672
168.998921789,211.748531132,237.021820172
235.254684446,208.508993742,57.6561621738
234.648774524,119.385143521,117.96874351
187.407896068,184.325304239,20.4939538286
236.595541141,249.954053298,160.331221538
37.7308466347,252.210777517,224.632393162
190.047262849,184.637736742,238.405467262
189.17002776,91.2439359646,162.250308179
17.3325056341,214.040574698,244.425516151
74.4107847852,211.201000642,173.973108978
207.079079959,9.67142548686,34.3201813093
187.165499894,182.383513767,76.9399711003
126.17727615,68.3225706647,236.366408219
45.1918804971,22.813140608,49.792641744
119.697148388,197.047240521,53.2906276926
157.416651537,216.402323799,192.441575439
88.5767773241,182.668293106,116.962217308
53.8420869486,171.024559466,84.1904367956
32.0193231114,139.519986153,118.346598161
14.1318658495,188.077132386,155.928104993
251.725223895,12.1927245721,36.8577224473
142.462315924,242.341138416,181.037576918
95.636933611,93.5335505871,251.31163755
123.437048148,24.5495088464,158.469256614
85.0671962288,172.268887002,231.92737609
186.481511791,110.470529889,208.51406607
142.366950797,18.4714703937,237.930973071
243.434041816,233.383892087,229.241861433
31.7071240439,94.613688948,57.7645611686
235.709310267,74.3390453732,135.509460722
214.977499196,139.254810101,195.836550653
205.947096089,38.3276398686,38.1562056043
241.755456112,126.449108452,80.8158725812
210.104243369,71.0547321652,171.821200025
17.8608452667,49.8435395423,247.914034197
50.2782498123,106.91339827,21.4387349616
64.6561378129,224.310104831,55.8194806658
245.510257686,3.70934185388,92.1278917187
249.397758028,128.173857482,44.1352693212
167.911269687,112.180367501,16.761989404
197.590154188,216.093579642,10.1074290591
237.174421632,251.469994525,217.731672607
87.2434287943,9.91759818801,209.373110709
187.223449063,47.4599781554,169.315094364
119.50664841,232.097049639,80.9900313478
55.8331000714,152.595227954,216.86822411
15.5879197676,38.2572324234,43.7719181837
95.7462378775,247.230607776,217.077572902
85.4434667246,206.220928643,53.4638382634
212.553089724,10.4330569779,137.21244232
56.9958458098,152.658577597,231.092508568
135.826591119,18.5021575859,94.5608855718
100.649296157,187.801756777,29.8050682095
153.831504906,71.3060604381,49.033300361
49.2725910078,249.27072786,58.052619952
207.08143474,193.633516575,234.542595385
168.369731706,165.491975729,244.376047529
0.0779266729393,148.548484743,114.429631081
81.3425943289,159.219492066,220.193700799
10.7326859131,35.1505273356,132.57423514
203.613236382,104.710134968,52.3187513865
202.809168861,143.604327189,164.65557316
7.86850845443,60.857605863,222.072570275
94.1445330334,164.448327242,117.331393584
152.907553337,71.6000549916,100.630786941
59.6847849134,105.801511011,177.454097512
203.461858561,244.206572147,11.6882093553
73.3200609372,141.417825499,158.520825605
214.541854077,147.878988904,4.07157989928
137.062425334,184.296130419,125.498797654
235.971101121,218.048945685,178.829928535
80.2386803142,163.521663118,180.184301387
129.638227652,236.896063175,204.776393992
75.5234111141,4.39337296719,202.418969619
37.3794204511,150.574820875,150.577713657
194.414098517,155.846287331,43.4365904223
8.22057822944,251.373950639,194.221536456
78.2765275766,235.940689319,238.501276817
223.804284429,36.497152397,14.902773591
155.812892406,193.203302862,7.49869558991
117.017822766,150.618989474,6.31470162183
75.3757187288,6.83183652304,68.4866497678
152.595578119,24.7124310647,138.372130177
71.3941074065,76.1905936255,137.201919763
195.508800238,194.278176532,175.410027551
242.192244401,195.835320539,170.995299952
4.82606101235,79.0239888483,83.0417156024
223.542549945,59.2500385054,191.251416118
218.304135277,224.344581745,8.61935766162
13.6184019086,140.157119611,243.370411745
94.5750013796,209.259881718,111.588489019
85.9126579039,184.381589651,208.523889268
108.817615576,172.446617893,79.297491396
219.192742172,196.563361669,252.253976824
251.015854467,4.60514098947,69.0748556992
188.828293168,43.7319345623,159.144674677
56.0441055599,213.604823235,231.389974001
154.100132294,163.876712434,188.48124644
211.344723446,95.9954757453,54.079216448
214.072022423,105.467919651,199.990367466
166.354153423,195.28503027,220.454353815
104.739975954,135.05206934,65.1531595478
151.204130596,220.450144846,101.556890302
203.589888058,251.981280148,112.97869716
107.52360935,142.732565629,228.069010146
102.167497283,219.391998224,78.1338312003
180.916355734,64.7336546762,91.0846393776
250.868914158,195.882668278,45.6727760212
132.326767733,69.006699703,12.3338728092
224.609381521,218.643998984,242.817153763
187.525914267,196.756187996,154.188680068
175.38885999,176.032081759,109.921349525
50.9299709036,95.6077653786,14.1291295809
65.9009245369,178.972474987,192.729655015
34.7734398893,188.703239307,95.422724915
113.887750157,43.1153696014,55.2630678705
231.381810251,230.447358536,81.6775878338
212.427419214,236.073977866,115.282033275
142.013291988,165.292742035,66.8749704182
132.903413427,174.73507488,26.0513910003
82.4846475961,113.436362241,147.346077527
109.391888535,53.8040021297,0.181617394294
62.6677643713,168.12328782,123.953792039
245.684053052,132.151066725,208.557695242
251.06147793,57.0366976415,190.936304585
207.406718165,10.0436672658,179.883241083
69.7505188349,117.665329266,26.9396954696
21.0281686786,217.534060659,183.233115084
133.476162364,60.2054441787,247.952829516
107.22651043,181.14851501,204.359798574
245.454686673,98.3283511039,136.631419261
190.43330539,249.766832255,42.7837796992
16.7049378557,217.067881731,254.280432816
171.585768556,157.30243539,166.478259766
135.895363741,102.778139582,93.4347332045
33.7259199549,138.218054542,176.765485486
1.82024710488,198.104956313,9.45330825433
116.144557236,181.353862417,172.931980058
240.399048483,192.856164285,240.591304551
103.000272206,55.8605278678,57.4940820823
138.354988016,54.1702081235,184.39602002
215.19902739,19.2620357287,173.466838111
53.9186049878,0.040956774715,34.0707882437
58.7637140328,151.594345177,40.5617853418
217.782489279,249.766815837,52.6432996609
66.154074671,121.310161375,36.0389123103
68.3691605928,78.5051351099,164.875880143
118.911641416,214.597795994,17.9026648562
89.841358601,87.2570081102,43.8510632771
223.954949946,150.025582939,248.54004306
95.1912366336,107.739497258,71.5866625958
204.806420943,242.772541825,21.9646175336
132.785605392,239.834635448,115.715979751
173.37501394,237.810643936,223.930599451
51.8412226525,123.144597667,220.294520481
220.802681611,180.772301477,231.237024102
41.5162156157,131.496420197,0.606747707219
161.673767561,2.10907132557,75.2035860188
67.9354703093,88.5460680586,180.895067967
78.7503970663,178.240404598,118.150585677
239.063917331,131.891038242,6.55120786283
4.42795756658,52.1078733539,243.129080763
0.954118791271,148.88315479,142.203591367
234.558163543,222.494528249,21.7429542877
78.6332116387,37.0856805746,147.666507822
172.546955644,68.2768851741,10.3238446655
168.248521657,58.7718240839,70.0425302297
135.946454636,152.578417995,221.2094634
90.2349813485,69.5642007079,46.0093973739
128.031047863,158.898932023,133.918761963
224.182187394,130.514103145,248.366330423
165.761160048,168.243245499,169.223966811
230.118056256,120.352448535,86.362861248
142.922392073,111.337114913,113.088777618
202.843135838,170.032009144,37.2818712829
196.810929753,210.192209612,221.190812403
247.421661948,172.638609797,156.421419154
64.3048175668,252.449891932,148.782143674
81.2011950708,54.9106387641,190.049007324
227.321184275,113.426942268,211.43310953
55.8452510414,193.933022146,207.384062951
43.9056526296,151.645768213,188.821709135
192.913336564,154.365794009,50.7916271674
167.649299732,136.441996763,104.711012611
144.355057618,101.349930466,68.6975145198
145.544408555,95.5517353954,86.9026094399
130.053194849,167.29629023,91.4625966683
253.42508838,74.2424969965,65.4057109796
15.72088486,210.738895345,220.182246196
38.9676042069,25.724450087,114.945288952
118.944194667,252.512399235,238.604866503
90.3358132748,109.826985441,90.5614626521
105.523673735,137.843866678,193.725451982
35.7807168322,106.089334358,164.768435863
113.112547617,111.578702233,211.891214584
217.752858016,24.2468926044,108.946390035
144.697271431,194.676089046,91.4432992762
78.3724088582,66.9474546202,75.5624817686
54.1947783547,200.471062426,48.1431133011
247.379799241,164.240474659,141.038305325
1.24299763454,43.7048971498,99.4047389381
226.818357461,210.368217828,32.5637081416
21.1717878065,65.4639344714,152.214350587
110.386935628,215.789679824,32.5717689187
121.828825813,179.175126353,59.5499471795
129.58100228,16.7134837145,232.430286875
216.241338779,185.852073791,182.461505837
234.504739988,34.1653493728,131.220048971
235.843972531,38.0035943814,88.1409727445
129.594081534,228.547900312,95.3544734823
139.612095051,49.221312763,170.66139861
239.95093742,191.584208257,31.2504220926
182.761053022,7.7845502827,193.671619524
147.335103946,129.60941781,239.190925726
217.476957848,165.296978108,32.745586186
121.379758365,128.587356665,174.487451482
88.1241085158,53.3936817988,169.750394026
49.9085437327,151.343170866,45.3039252777
254.95746477,171.192901872,68.4653426479
65.4900940846,101.024497875,233.024619002
66.6662359188,105.529928295,113.052240411
113.75078195,211.169449736,28.1671581648
35.014076893,157.153698701,70.8535785864
165.08074388,168.526365373,4.78255753207
182.713436246,67.9107695242,149.670570832
233.432652418,202.477636259,183.81208182
202.125391595,16.9460307242,99.878200232
4.15909805557,77.9371459219,141.748401011
232.448964906,167.060360255,54.8988918415
150.521782786,206.478445204,56.534727354
238.605508093,25.0044157794,193.619955444
160.848437726,46.8627448516,42.9671440767
246.280078785,171.659301043,109.960203408
131.048434294,118.687636139,187.799561017
39.6819275788,6.00100088747,146.967394217
145.570071211,186.221199855,45.3946965928
28.1178672663,68.8813398581,225.873882254
176.740560786,231.966277121,248.950634501
225.55434231,97.3311954407,162.986857546
22.5351059085,157.345576821,233.126410699
250.084582088,189.543357115,209.307202191
98.6442717005,61.2641635655,193.942600079
170.023862959,93.875151735,120.585117405
24.617068584,166.777998412,125.732820865
203.569907817,185.811468834,195.322602204
245.232273388,98.4364390728,248.43060178
227.029490079,56.6600549978,130.859539968
135.244187518,192.967248493,225.512033564
34.1579479671,146.763662653,194.979303577
218.855646122,62.7078789941,148.886134601
144.695423231,140.168250286,136.584085974
198.672825438,117.794768167,93.6251421434
24.4396696567,58.5291572282,57.9116591045
213.164749304,120.905991039,123.206718965
115.88308927,106.185563035,41.3189120563
140.537923097,135.701722043,249.854562938
229.460079847,179.677321958,207.220509691
99.5302606975,47.6007755701,10.1284616734
93.8599483555,215.609082206,217.661007725
32.1495336277,152.495419323,64.5921640023
25.5015160746,131.454082847,153.029305904
210.377647755,40.4152465965,98.6378066807
221.234526278,4.56705681178,195.815392992
29.321265707,68.0480353072,74.3176276568
188.701323586,212.549636731,179.397757897
86.8455790871,33.7418635299,15.6691944693
142.627044094,54.2753835453,207.710954319
158.703429652,57.4064735916,229.210770899
221.109780274,181.335403534,154.333261056
125.672982804,216.678203446,120.762883678
173.592607382,123.398131373,45.7924476097
163.34127345,121.953411499,103.153536254
218.525904003,96.7560530053,58.7222368107
34.8656757095,111.631819677,205.277969586
39.5106105229,248.548529343,226.623883208
217.392840902,59.9964634246,85.1549751605
3.57980630051,90.8797376599,139.240508892
51.4550636231,119.339343153,185.424588559
210.026183253,197.609854208,184.725512851
132.985251857,193.047589557,133.68631535
193.225590474,206.11036674,104.149389231
183.77541248,173.439641291,159.051684882
69.1442719233,234.448058985,47.3642508915
17.3468806599,179.838192462,217.423500994
87.4874179707,113.33858661,29.3111954635
87.5840789249,81.6451318488,52.7113621374
131.053572684,53.3525967247,94.8343945902
177.518413303,17.0657989213,110.654607514
148.251496242,205.649349929,186.880534578
153.534073969,113.593211897,129.176376508
46.2164251782,231.62882199,25.3563941191
19.621426848,218.55593772,176.571052711
126.911024043,205.158474429,209.814177453
131.915741289,154.690047256,254.874804715
204.531714325,46.0917382684,146.42900013
168.381171386,18.8152461491,177.081087034
111.632656672,117.879773754,7.06232087995
159.970736939,160.653862933,71.247314914
200.610500303,72.6118075267,129.849466421
187.347462724,47.951406443,118.483679296
140.132754076,90.2707735887,95.6286350679
21.2499447148,39.4702441103,243.699668118
28.2218216646,221.206853719,46.2028203064
31.40892473,153.153711528,32.7226201034
171.882288796,180.971406186,226.210220832
119.630749536,79.7134864184,46.3531784539
35.7033446961,80.2634176993,187.053563963
44.9452949462,205.62638036,56.1361229031
97.2669361899,18.8773462303,78.0696066407
184.267252342,20.740696881,254.263854478
14.8808775535,70.6747150457,226.486956887
125.562814154,241.013974623,16.3772548187
3.13396489688,17.1821734985,206.746893143
96.5966680263,57.5556783378,251.593777988
89.284914612,108.139961089,20.1751206781
9.43752217803,223.899025394,172.439704181
198.414398674,11.8930716815,50.5205902124
198.788859033,57.0905842694,199.069568188
183.854892647,142.467336687,132.806031948
6.16660354313,53.5259079555,112.409329302
129.076422233,134.667005384,134.332781852
77.808102692,179.736483018,253.261167449
27.2623919031,204.980933917,129.857926825
157.234505877,119.926794666,110.717828091
138.782522759,138.4898175,229.871673924
161.087813996,204.561773566,226.157905846
62.0527755834,126.603154883,6.82924331746
18.7528402042,134.762448893,101.193736711
90.7314932807,46.9463933433,116.130964914
46.9155913973,250.970127875,171.073928098
194.608463678,220.268426442,110.846015296
145.235576071,114.32956631,49.1828925564
196.096800744,155.920484428,31.1988245803
181.782184548,102.991210628,146.860510049
117.641680843,239.782555908,115.082260462
160.885594763,202.195041137,126.004115955
247.481223813,192.130706004,164.904269428
245.234212945,170.685831475,44.7587436074
240.233779099,21.9093749202,223.070793449
96.6458209962,236.346244985,68.7463234676
226.3925486,167.256720722,47.5933906555
151.380487345,102.070415767,179.863408339
94.3745876151,200.797847559,254.516995653
206.091751776,96.0038929135,111.302080955
12.407114845,254.706128693,224.286297999
21.8254633682,139.101558802,4.26552173973
200.627401135,162.437534881,100.532458788
170.791084969,96.7100790171,153.294995088
222.937035044,66.557171492,189.865287719
120.329948869,40.8598809841,249.793360907
186.19773851,226.20619922,229.193549856
232.335482838,153.848528848,91.9002655603
237.492633179,110.282715409,187.713580931
23.8476103864,215.876174053,2.33822377435
129.0352619,75.0045845855,66.3246450149
69.4123704356,61.4116235187,122.157621348
183.904646451,146.92603967,204.340605406
195.128333983,121.881916122,71.5015108743
116.00670018,68.4632146159,7.10864141009
95.5488585678,136.525518534,214.723082371
153.693315783,9.57104229728,232.880056579
182.916215433,134.711736559,163.002741819
47.7102802578,13.1882488776,216.050935392
240.031603966,154.29292143,232.696016095
218.972881903,218.870932191,177.062080264
248.649004201,29.6077681926,113.170174239
173.479430538,221.397956022,241.390925123
60.4702240387,158.062472069,109.01853283
166.139362081,148.315493139,55.6797303576
252.873054677,166.830333629,168.929119337
25.6591231673,74.686624342,116.680762834
203.564109994,126.447036113,233.229566914
22.9532722045,205.456311516,74.3080033838
195.402471652,42.9468992393,77.1522973912
105.42987263,222.656502345,163.012607334
12.692066114,196.419261773,144.258604457
129.993608023,186.14762021,175.248867877
229.37207031,207.489955005,12.9549769892
73.811189805,103.795510191,52.5534800529
251.991500985,133.77280862,13.3121401784
158.184418854,55.2789592748,95.8087398052
95.1832139116,38.3700172547,162.063723896
135.12954179,221.853018874,227.748427327
1.95692068412,93.8653517716,107.876455155
159.750822849,184.04640237,133.519529916
167.794924228,115.752528956,88.0071084175
46.191426328,92.8117477101,139.794707102
221.088097944,105.492672404,229.195147714
107.245738073,236.723990783,164.905704456
224.213690253,204.342813656,58.904080301
225.527261939,161.455871006,237.726713561
80.9699995708,16.4192041439,23.9520017881
244.260482845,31.7992434707,111.654853129
204.438477415,213.133422669,67.1228053095
132.609044958,12.9632476134,81.4705779027
229.590168639,153.688941282,226.825122418
115.904575273,94.3051694734,207.889672694
227.835979657,164.236187448,53.4001791881
213.558086491,70.2569240653,72.5898807461
150.924389742,238.211023132,235.366490919
210.02499322,126.941082386,123.263208381
236.95991529,236.090650994,241.483381369
33.4745579554,198.940465957,181.40379357
129.797057336,180.714871707,198.257182009
5.67135830395,188.042673271,20.4217231564
143.184274561,241.717324086,52.9535088637
3.05950334821,124.842056652,14.6030088668
140.744354787,76.3028849693,111.478118841
162.896097367,177.371017606,95.6786849586
20.0471636315,77.4913898688,141.097002479
221.519098716,86.6725658309,71.8947893273
236.677417544,242.751156242,89.4387266645
113.494639832,140.505433548,226.356719329
245.313899836,144.195545529,1.17450664292
105.775590435,125.023997812,36.3563682818
133.851422204,20.3441344057,170.733709246
0.585619038809,8.85709354498,185.322046765
251.701315505,229.174905349,44.0479965434
117.980498373,66.7813498549,220.47783166
56.0003343729,49.5977047124,62.9168668348
159.330683523,141.385684939,5.9085306052
214.749625247,164.686754439,3.34502720631
38.529888377,197.805843269,248.530765672
70.4580914122,226.041716698,131.725529681
192.382641924,62.1366013575,26.1355918929
5.57123643463,187.247619821,182.585213327
209.095982817,150.377508738,48.1958966706
253.806878617,160.99995688,108.714252093
232.269828577,37.2075007368,24.1053548968
222.070789747,224.949074327,158.020746406
2.80712619953,91.9181705254,16.3794239866
62.7313613613,26.4506873703,71.5311831366
208.442812001,44.9803298871,233.126411712
164.155942119,55.6516880908,221.163250847
128.329451184,145.382083047,130.192090175
44.4543900576,31.983842797,210.201515261
56.077127672,78.6445194497,38.8524046987
31.0584535011,198.412941358,156.865801322
47.6490187302,18.276461954,100.006629671
206.664574937,21.5272532592,172.752469239
192.606683736,100.320665734,174.174201705
157.157647139,110.189708856,239.604949375
132.080516817,81.4931815133,202.81273393
76.0756180375,222.665599222,90.505598578
128.896891479,142.326949319,103.32778303
100.122955568,14.9483316207,191.656707862
167.343590491,204.337432602,231.557727738
23.5528121883,105.828329353,171.250698523
198.868794146,1.78236029477,151.256607456
238.981542547,198.357012604,96.8209878879
209.897781313,7.44914237192,163.879445622
143.972113894,89.0970058517,108.432866424
0.264094319479,175.900128881,115.36806918
154.935605688,182.919081961,99.0510680946
63.6648876948,236.564512578,53.8375043431
213.808564985,42.8595124965,226.148145049
158.017656511,77.9432871948,226.848292483
41.2683421644,61.399366393,156.328364263
110.927532889,164.011438936,244.780252249
222.290648277,160.834539079,134.361818763
172.51443102,138.134074512,85.1906474344
216.115115699,44.7252670443,30.6522480859
168.911318369,166.437396325,28.5074946502
99.9376935917,185.352996094,188.35017299
30.3455530423,182.570937713,75.4376822686
204.187745362,41.3828023619,77.5496486701
14.0072947678,204.082514778,90.0305990583
87.6784482069,246.529856952,253.931259879
164.938842086,1.35087517386,200.066107463
101.633193762,180.503913081,108.299600788
26.3271543461,47.5382967424,82.4923443427
246.530366237,6.9276642585,216.244417905
220.939867565,14.8895214454,122.04826255
179.404364216,177.520157974,228.274567911
159.990038458,196.368465809,77.0280361925
36.4028574025,221.711977069,59.7767388348
104.028492039,6.63895783103,191.432461504
171.592258497,171.745606693,94.3234220448
122.990045761,106.94189487,8.76636230954
180.368308247,179.248992371,175.907713277
227.112649346,161.942991695,69.8286804048
84.4084829526,6.50379902059,99.6259498989
166.075209231,10.655591071,65.2190267313
114.662409689,220.266719496,87.8909705849
197.557433985,103.023970983,73.9945387793
93.3681707778,85.9672411032,185.056321286
99.906152355,72.4450109723,40.2845455384
129.554601238,104.896052396,14.4587761609
68.5954201475,50.1919517769,210.880593529
124.436000712,193.146125059,214.806085543
159.321840198,213.449763812,26.3454920075
17.4979250341,151.444516829,60.688313776
171.689932233,99.5582028007,51.9595702896
211.12165742,95.2760379862,12.4995384826
66.3205977882,28.9516495609,73.3672767016
157.704172517,190.815035385,189.848714627
130.163433827,179.279982501,240.379873098
51.4395577808,192.959818701,134.595595104
187.240454669,143.221980398,68.4772201928
216.643401895,219.594830993,166.804406424
136.989490374,254.126861276,65.2381982322
222.963129162,180.876379878,62.5033421022
68.8589274282,206.877275285,74.7715111768
103.35589704,69.5071949471,180.060594578
5.01653990796,177.554692856,206.199426669
15.0309689578,153.956209848,163.054688466
51.992013223,183.909775419,29.7656254531
81.9572080635,252.678308137,237.266486033
5.09108472935,210.56815496,7.23866636268
74.4528983665,188.09397207,220.65709358
204.131132447,92.8541277994,185.947560453
178.794102176,164.603387112,72.8046320442
226.452236314,101.827409229,199.659367474
164.205766914,193.961196412,228.707417445
37.847879414,193.819593897,238.741679824
55.6310157585,55.1894923724,65.1719840121
104.225552501,244.327706007,72.4409935817
81.9692467688,220.196356749,39.7983466332
110.490185288,3.83962319017,66.9258825192
124.853939209,188.35376842,249.146310874
85.1436459135,91.6643335626,196.230282309
243.458269252,41.4987518005,153.039536615
161.798448852,241.075761645,172.052168878
207.757970983,156.368740102,198.395279599
236.308853646,31.7391854802,100.421604467
2.55282518544,169.86041739,73.0803073186
18.7857993762,105.424298393,239.479928939
104.381000664,207.303749703,240.983523505
73.3617788742,90.2831516559,105.731021073
62.5552462105,97.3869014421,183.292639739
12.2647819112,78.1431168365,176.86061588
13.404284851,46.8512436092,157.64473751
238.013107055,136.295653059,248.993398567
200.498299285,206.471681316,135.653070119
8.34524061812,45.4888180168,190.931524491
113.371742546,217.560126497,35.8946374145
215.626843957,96.8576988042,207.681333198
140.690432016,252.342233678,107.283196034
157.767806479,167.322566955,244.608404122
201.60637676,67.7198908555,167.590459131
254.850871373,31.7110679514,227.806679434
173.799638919,124.485341127,16.6208707322
106.776213821,145.594665383,114.485349363
139.493095389,139.768206952,138.145985648
177.508214546,137.519444388,28.4245890941
202.533108786,171.213552245,159.24993136
114.098328157,125.897332704,184.505241759
254.494802072,82.1087609924,135.836474672
146.889633748,158.499465451,154.159628788
150.922751561,39.8395433732,234.00606481
149.806409843,151.243039027,216.36273595
28.4246013236,9.17235829977,11.3349117022
67.4265748471,114.049189331,203.616419558
139.50650134,45.1753362376,107.538870889
166.17388081,152.127332825,192.994807066
240.334980364,11.6345312414,22.6982247103
157.558399339,68.8662762073,63.3340310367
140.13468343,162.457909615,196.990432874
3.33161343614,168.034446377,68.3635873825
164.053158629,47.5031146923,186.352938973
252.308342147,127.893419039,50.7210979758
142.006727324,134.457545672,144.222836465
181.329340838,53.2040884102,117.979249294
117.565198918,148.604404188,233.92018003
165.63985851,105.644330313,120.454046292
214.234357755,151.328520933,231.344224636
246.824929689,59.5791258529,124.937842106
236.085707984,128.694522851,235.792175773
157.432774369,171.487312104,99.5108591988
231.057334793,156.510463322,147.473998221
154.855044964,178.370732988,89.4030430528
205.318080352,32.3431809539,112.482232298
201.37357829,43.3935586165,60.8989262974
254.772894267,175.269876912,14.4503518404
93.9338976062,164.036695892,113.641593265
20.3323165828,116.717382654,33.903770215
160.180316421,234.187051964,104.353575867
185.23910999,215.570160528,215.036142759
115.681253105,163.725995468,221.358686178
130.840390082,79.3637946138,48.7272147589
104.066462594,74.7360865106,113.558616512
203.700719975,123.268618555,69.6381379935
54.5141580919,210.831251318,72.4507489012
93.6826326582,39.6389648168,175.909734253
178.772492353,246.868138905,143.546937301
26.8727157923,34.0666661304,103.033577877
173.591791488,237.269010339,17.857028655
194.838349015,183.187534744,160.949978464
61.8529449116,60.4487428734,66.3335783551
83.8252979984,156.470091275,56.4134024605
76.002771163,161.898764836,125.510202859
164.513866062,54.0249149642,174.266467491
175.889480375,102.120301665,230.205325759
78.6749903064,223.563662226,154.99213879
149.871718988,118.112013246,109.758410335
119.828066843,150.739298245,246.167629065
19.3116669443,207.464677213,161.186346573
225.811977898,16.6216071908,133.070399757
168.399300425,252.915255448,113.63449645
21.4175836831,138.916943341,222.18600956
175.93923419,143.702675214,187.180690811
142.192643434,58.2658617151,109.480926628
217.211291364,101.757116446,0.879088307351
54.7626927577,166.09389614,158.624183767
105.893972758,173.109881243,213.820619337
30.0365979897,113.974014133,168.930025014
199.426786915,150.045942332,167.411945521
219.105649959,28.9951835233,197.872603861
106.267397881,84.5190404588,7.52066071669
77.779891037,132.500330774,206.808970313
62.6395301405,217.464187393,207.414495802
46.1486400553,254.36783788,45.0391264932
50.8114623978,55.8127407556,136.188897479
212.649092049,151.015275622,213.516771519
143.176693837,119.839238793,161.578427977
72.2635729443,76.4765176203,184.336077924
131.060226065,45.7616035066,117.22143751
198.757405141,43.2858334633,196.002017811
100.916238397,154.21375835,243.448964548
70.3136392879,37.6235396501,180.083654831
176.674499654,109.024644635,235.383310298
29.0338682434,48.5888994671,74.1430838053
234.031901248,136.367201824,68.3736920565
97.6714484611,128.104376066,108.862885315
45.5314864679,89.5065205764,178.537987475
158.128548224,157.343110105,241.922398555
12.1268348793,242.677853822,205.39210884
84.3759175319,174.294074231,40.9664047244
165.570461266,72.137724707,228.95934129
155.147695405,22.212975511,19.0733439182
97.5055257025,41.3604532194,67.7866240344
170.828250724,16.6034181218,204.077266037
123.926859439,12.519860248,90.529547222
17.3526712725,122.786008903,193.841466701
228.1654687,103.569589397,18.2398933019
148.664725877,206.328039186,195.508272779
61.4337992958,208.855285562,228.37041595
63.7396830135,40.0363700303,202.021552786
179.108211363,175.561361376,242.873121266
192.912691545,4.62111225051,70.1374967589
4.77857004175,125.240924729,74.056548812
170.738317808,37.7964934094,173.056542195
167.590093017,64.3334526843,179.95078881
79.6532383254,105.794193158,109.817018376
130.594646392,82.5491810809,53.6503768826
119.161992524,108.418967392,97.8428942111
129.337279939,244.176334642,138.532644904
59.1506220234,123.303775433,99.8000368563
34.935891397,210.808928578,43.9899408889
56.5737951856,203.784407309,154.704857447
32.2715155226,120.33141189,88.8774848832
73.1511941598,85.9468547007,73.7970215003
131.761898516,228.107888664,209.052450141
243.903076818,201.03885824,50.1469337681
11.4595719133,180.654851182,237.106155303
152.964515333,13.6165412311,101.124703067
159.487935619,177.974169033,46.6932688391
94.1683327766,219.809504539,75.224131304
147.447658498,197.070845373,9.23246905475
89.5136054667,238.880754194,114.794888019
84.9381261453,61.2033478668,150.820103458
139.031433259,2.17496548262,95.0870467799
214.73810268,11.7294571265,114.545572271
107.228286855,35.1642371095,106.455245314
239.510248182,225.998368768,214.245266695
208.551447276,97.9576371677,139.949674119
79.4473903612,158.363865101,211.232517979
221.457315301,166.872336655,80.7258415123
234.553006566,121.822511503,46.6667535788
75.0599064865,194.131806008,84.1947251509
157.826322957,197.649797802,175.744094402
213.583477828,130.681642594,61.4895163061
75.7150341796,163.82416289,110.628242804
246.858396839,109.201101383,218.787073521
62.0653709092,25.8131141971,177.604241681
152.179365758,58.4674179242,51.2570350468
196.515361315,131.183199827,62.854880479
137.395714933,81.5602530372,143.168894328
34.1855598349,227.030184283,231.830262004
119.789613298,161.785030783,19.5276685262
130.978629329,157.192324154,149.200534634
142.615136648,57.1960177741,67.2357505387
152.124029229,232.293816323,168.615036658
194.294624779,121.158958048,62.2298818547
205.198322166,17.6872620413,54.2827230465
133.801885088,67.5254434525,62.9908322722
169.874409213,10.4639553987,56.1893741371
139.615341079,179.612993688,189.898833147
7.35275396423,116.816135299,164.678962885
14.5050425242,71.8144925272,110.849999251
0.205249898068,208.801939135,48.8325258355
32.3374210937,26.1560910081,78.0019273107
226.230850706,218.238161692,131.391103192
110.538533923,133.583069327,34.2292470327
217.014080067,101.446787898,44.4853590257
229.846272373,52.9651138281,155.438685282
224.617226021,186.151820719,253.221038176
96.7485392546,234.581860424,52.4685794356
98.5511135176,225.022920661,33.7490200545
49.3750582202,14.6364895719,246.007127148
87.0306059917,37.3930753773,124.581756992
240.309786551,20.6678573695,3.21702811723
175.158047143,26.9679606724,163.694893764
115.655790836,173.169546556,97.4822908434
173.640072629,5.87621411636,186.497288954
147.424388149,117.193148512,80.3067822687
68.8342912247,230.392332594,141.186008249
202.397271754,37.123178394,96.3381290033
100.29844076,46.7170649191,59.620276971
227.628640805,190.72079974,29.0796126777
173.98563372,31.8322282473,79.2794654873
41.6133280396,16.9220445613,248.801046333
107.088248184,171.400587559,233.775322766
79.429187028,176.806372303,96.8370145699
8.09130544846,116.495693318,34.5431039279
45.595139977,141.586848123,148.334021252
53.8205095708,220.00816631,21.4082245618
63.321915077,218.259559422,102.355596789
104.598894971,207.761433441,250.950103394
112.923931308,43.29294004,113.314332036
94.8282735912,206.232069484,118.364539952
